---------
Part a)
Large randomly generated symmetric matrix to solve, A:

    -0.503     -0.779     -0.066      0.543      0.315     -0.134     -0.292      0.888     -0.797      0.285     -0.943     -0.504      -0.36       0.98      0.364       0.31     -0.435      0.231      0.409      0.404 
    -0.779        0.9     -0.813     -0.678     -0.236      0.596     -0.661      0.588     -0.386      0.646      0.773      0.113      0.433      0.399     -0.973      0.984      0.613      0.717     -0.875     0.0288 
    -0.066     -0.813     0.0505     -0.454      0.988      0.382     -0.227     -0.131      0.351      0.355    -0.0543     -0.511     -0.293     0.0525     -0.661     -0.307      0.383      -0.21     -0.689        0.9 
     0.543     -0.678     -0.454      -0.83      0.947    -0.0239      0.278     -0.906     -0.758      -0.57     -0.828     -0.376     0.0975     -0.387      0.996      0.752      0.592      -0.56     -0.798     -0.642 
     0.315     -0.236      0.988      0.947     -0.142      0.912     -0.195      0.549      0.895     -0.755    -0.0158     -0.358     -0.875    -0.0609      -0.28     -0.226      -0.26     -0.985      0.237      0.673 
    -0.134      0.596      0.382    -0.0239      0.912      0.713      0.547     -0.822     -0.947      0.773     -0.548      0.746    -0.0474     -0.399     -0.755     -0.747     -0.258      -0.05     -0.263      0.115 
    -0.292     -0.661     -0.227      0.278     -0.195      0.547     -0.388     -0.863     -0.665     -0.475     -0.122      0.506     -0.649     -0.725      0.702      0.992     -0.364      0.968      0.303      0.709 
     0.888      0.588     -0.131     -0.906      0.549     -0.822     -0.863      0.399      0.884     0.0823      0.376     -0.677     -0.961     -0.955     -0.737     -0.851     -0.415     -0.594     -0.834      0.852 
    -0.797     -0.386      0.351     -0.758      0.895     -0.947     -0.665      0.884    -0.0523       0.65      0.992     -0.758      0.692      0.388      0.824     -0.892     -0.363     -0.595       0.49     -0.641 
     0.285      0.646      0.355      -0.57     -0.755      0.773     -0.475     0.0823       0.65     -0.833      0.362      0.273     -0.525     -0.939      0.136     -0.516     -0.557      0.243      0.202     -0.639 
    -0.943      0.773    -0.0543     -0.828    -0.0158     -0.548     -0.122      0.376      0.992      0.362      0.171      0.366     -0.373     -0.301     0.0698     -0.651      0.988       0.75     -0.881     -0.288 
    -0.504      0.113     -0.511     -0.376     -0.358      0.746      0.506     -0.677     -0.758      0.273      0.366      0.654      0.403     -0.376       0.71       0.75    -0.0557      -0.42      0.478      0.601 
     -0.36      0.433     -0.293     0.0975     -0.875    -0.0474     -0.649     -0.961      0.692     -0.525     -0.373      0.403     -0.238      0.478      0.593     0.0174     -0.845     -0.323     -0.228      0.787 
      0.98      0.399     0.0525     -0.387    -0.0609     -0.399     -0.725     -0.955      0.388     -0.939     -0.301     -0.376      0.478     -0.912      0.449      0.922      0.723     -0.392      0.745      0.289 
     0.364     -0.973     -0.661      0.996      -0.28     -0.755      0.702     -0.737      0.824      0.136     0.0698       0.71      0.593      0.449     -0.179     -0.123     0.0645     -0.311     -0.245      0.759 
      0.31      0.984     -0.307      0.752     -0.226     -0.747      0.992     -0.851     -0.892     -0.516     -0.651       0.75     0.0174      0.922     -0.123     -0.351     -0.345       0.37      0.646     -0.487 
    -0.435      0.613      0.383      0.592      -0.26     -0.258     -0.364     -0.415     -0.363     -0.557      0.988    -0.0557     -0.845      0.723     0.0645     -0.345      0.958     -0.352     -0.235     -0.689 
     0.231      0.717      -0.21      -0.56     -0.985      -0.05      0.968     -0.594     -0.595      0.243       0.75      -0.42     -0.323     -0.392     -0.311       0.37     -0.352     -0.808      0.903    -0.0348 
     0.409     -0.875     -0.689     -0.798      0.237     -0.263      0.303     -0.834       0.49      0.202     -0.881      0.478     -0.228      0.745     -0.245      0.646     -0.235      0.903      0.643     -0.559 
     0.404     0.0288        0.9     -0.642      0.673      0.115      0.709      0.852     -0.641     -0.639     -0.288      0.601      0.787      0.289      0.759     -0.487     -0.689    -0.0348     -0.559     -0.117 
Find solution using Jacobi eigenvalue algorithm using the cyclic sweeps
D is diagonal:

     -4.15  -1.46e-12  -3.22e-13   5.79e-13  -7.65e-14   3.18e-14  -2.16e-16  -3.72e-09    1.3e-11  -1.95e-09   1.64e-09    3.5e-10  -2.95e-11   1.54e-11  -5.94e-12   9.35e-13   7.38e-13  -1.05e-12  -1.87e-12   5.23e-13 
 -1.46e-12      -3.71  -5.85e-12   7.69e-12  -1.07e-12   5.95e-14   1.63e-16  -1.29e-15  -4.34e-10  -4.28e-09   2.32e-09    6.2e-10  -4.16e-11   2.33e-11     -5e-12   1.77e-12   1.51e-12  -2.79e-12  -2.49e-12  -6.03e-14 
 -3.22e-13  -5.85e-12      -3.49   4.68e-12   3.62e-13  -8.11e-14   3.64e-16   2.77e-15   3.53e-09   4.98e-15   6.13e-16   6.29e-10  -2.77e-11   4.82e-12  -1.23e-12   3.62e-13   3.61e-13  -6.11e-13  -1.11e-08  -9.25e-16 
  5.79e-13   7.69e-12   4.68e-12      -3.23   4.35e-12  -2.81e-13   4.81e-16   6.67e-15   6.98e-09   1.24e-14   1.33e-15   4.06e-10   3.82e-11     -2e-11   5.53e-12  -1.66e-12  -1.49e-12   2.86e-12   2.24e-12   1.32e-13 
 -7.64e-14  -1.07e-12   3.62e-13   4.35e-12      -2.86   4.12e-13   7.87e-16   5.29e-16    1.1e-09  -8.22e-10  -3.75e-09   1.09e-09  -6.33e-11   1.89e-11  -3.29e-12   9.73e-13   8.27e-13  -1.76e-12  -1.19e-12  -1.21e-13 
   3.2e-14   5.93e-14  -8.13e-14  -2.81e-13   4.12e-13      -2.24  -1.33e-15   1.09e-14   6.79e-09    2.2e-14   1.49e-15  -9.58e-10   6.85e-11  -1.14e-11   9.66e-13     -2e-13  -2.06e-13   5.17e-13   2.41e-13   4.97e-14 
 -4.18e-16   9.16e-17   4.55e-16   2.76e-16   6.86e-16  -1.39e-15      -1.71  -1.28e-15  -5.68e-09   2.94e-16   7.24e-10  -2.55e-09   4.42e-11  -2.81e-12   2.33e-13   4.62e-14   1.71e-15  -6.72e-15  -2.61e-16  -8.07e-16 
 -3.72e-09  -1.45e-15    3.1e-15   6.82e-15   7.66e-16   1.08e-14  -1.45e-15      -1.34  -5.66e-14  -2.19e-13   3.12e-17  -2.18e-10   1.47e-10  -1.17e-11  -1.16e-13   2.77e-13   1.37e-13   -1.9e-13  -2.31e-14  -2.68e-14 
   1.3e-11  -4.34e-10   3.53e-09   6.98e-09    1.1e-09   6.79e-09  -5.68e-09  -5.67e-14     -0.484  -2.58e-13   3.87e-16   3.04e-21   7.99e-11  -1.63e-11   6.49e-14   1.28e-13   7.19e-14  -1.08e-13  -1.31e-14  -1.51e-14 
 -1.95e-09  -4.28e-09   4.96e-15   1.24e-14  -8.22e-10   2.19e-14    2.8e-16  -2.19e-13  -2.58e-13     -0.134   4.57e-16   6.84e-23    6.3e-10  -2.86e-11   8.64e-13    8.3e-13   3.86e-13  -5.52e-13  -5.56e-14  -7.45e-14 
  1.64e-09   2.32e-09    6.7e-16   1.62e-15  -3.75e-09   1.63e-15   7.24e-10  -2.28e-16   2.86e-16   6.69e-16      0.344          0  -3.52e-10   8.91e-12   8.66e-13   6.81e-14   9.69e-15  -4.73e-16   1.94e-15  -1.18e-15 
   3.5e-10    6.2e-10   6.29e-10   4.06e-10   1.09e-09  -9.58e-10  -2.55e-09  -2.18e-10   1.68e-17  -3.76e-16   6.16e-17      0.614   3.39e-10   1.76e-11  -2.11e-13   6.52e-14  -4.52e-17  -2.49e-18  -1.29e-08   8.07e-09 
 -2.95e-11  -4.16e-11  -2.77e-11   3.82e-11  -6.33e-11   6.85e-11   4.42e-11   1.47e-10   7.99e-11    6.3e-10  -3.52e-10   3.39e-10       1.09  -3.09e-11   1.32e-13  -2.69e-14   6.45e-18          0  -7.96e-10  -3.48e-10 
  1.54e-11   2.33e-11   4.82e-12     -2e-11   1.89e-11  -1.14e-11  -2.81e-12  -1.17e-11  -1.63e-11  -2.86e-11   8.91e-12   1.76e-11  -3.09e-11       1.53  -2.28e-13  -8.04e-14   2.06e-19  -5.21e-09   -2.9e-10   2.71e-11 
 -5.94e-12     -5e-12  -1.23e-12   5.53e-12  -3.29e-12   9.66e-13   2.33e-13  -1.16e-13   6.52e-14   8.64e-13   8.66e-13  -2.12e-13   1.33e-13  -2.28e-13       2.02  -1.08e-13   1.51e-19  -1.57e-09    1.3e-12  -5.32e-13 
  9.36e-13   1.77e-12   3.62e-13  -1.66e-12   9.73e-13  -2.01e-13   4.62e-14   2.77e-13   1.28e-13    8.3e-13   6.82e-14   6.51e-14  -2.72e-14  -8.05e-14  -1.07e-13       2.42   4.24e-22  -3.56e-10  -8.83e-12  -3.78e-13 
  7.38e-13   1.51e-12   3.61e-13  -1.49e-12   8.27e-13  -2.06e-13   1.89e-15   1.36e-13   7.18e-14   3.86e-13   9.86e-15  -9.95e-17   2.96e-16   4.65e-16  -2.11e-17   -3.4e-16       2.61  -4.11e-10  -3.03e-12  -1.64e-13 
 -1.05e-12  -2.79e-12  -6.12e-13   2.86e-12  -1.76e-12   5.17e-13  -6.71e-15   -1.9e-13  -1.08e-13  -5.52e-13  -5.87e-16   7.25e-17   5.51e-16  -5.21e-09  -1.57e-09  -3.56e-10  -4.11e-10       3.16   6.69e-12   3.86e-13 
 -1.87e-12  -2.49e-12  -1.11e-08   2.24e-12  -1.19e-12   2.41e-13  -6.62e-16  -2.32e-14   -1.3e-14  -5.53e-14   1.69e-15  -1.29e-08  -7.96e-10   -2.9e-10    1.3e-12  -8.83e-12  -3.03e-12   6.69e-12       3.85  -1.45e-13 
  5.23e-13  -6.03e-14  -4.81e-16   1.32e-13  -1.21e-13   4.96e-14  -1.41e-15  -2.71e-14  -1.53e-14  -7.47e-14  -1.18e-15   8.07e-09  -3.48e-10   2.71e-11  -5.31e-13  -3.79e-13  -1.65e-13   3.86e-13  -1.45e-13       4.85 
V^T A V is the same as D: 

     -4.15  -1.47e-12  -3.22e-13   5.79e-13   -7.6e-14   3.25e-14   5.55e-16  -3.72e-09    1.3e-11  -1.95e-09   1.64e-09    3.5e-10  -2.95e-11   1.54e-11  -5.94e-12   9.37e-13   7.38e-13  -1.05e-12  -1.87e-12   5.22e-13 
 -1.47e-12      -3.71  -5.85e-12   7.69e-12  -1.07e-12   5.96e-14   3.19e-16  -1.66e-15  -4.34e-10  -4.28e-09   2.32e-09    6.2e-10  -4.16e-11   2.33e-11     -5e-12   1.77e-12   1.51e-12  -2.79e-12  -2.49e-12  -6.13e-14 
 -3.22e-13  -5.85e-12      -3.49   4.68e-12   3.62e-13  -8.05e-14   5.55e-17   2.86e-15   3.53e-09    5.7e-15   2.22e-16   6.29e-10  -2.77e-11   4.82e-12  -1.23e-12   3.61e-13   3.61e-13  -6.11e-13  -1.11e-08  -5.88e-16 
  5.79e-13   7.69e-12   4.68e-12      -3.23   4.35e-12   -2.8e-13   6.25e-17   7.04e-15   6.98e-09   1.39e-14   1.01e-15   4.06e-10   3.82e-11     -2e-11   5.53e-12  -1.66e-12  -1.49e-12   2.86e-12   2.24e-12   1.32e-13 
  -7.6e-14  -1.07e-12   3.62e-13   4.35e-12      -2.86   4.14e-13   1.39e-16   5.41e-16    1.1e-09  -8.22e-10  -3.75e-09   1.09e-09  -6.33e-11   1.89e-11  -3.29e-12   9.73e-13   8.27e-13  -1.76e-12  -1.19e-12  -1.21e-13 
  3.28e-14   5.95e-14  -8.02e-14   -2.8e-13   4.14e-13      -2.24  -4.86e-16   1.04e-14   6.79e-09   2.21e-14   1.49e-15  -9.58e-10   6.85e-11  -1.14e-11   9.66e-13     -2e-13  -2.07e-13   5.17e-13   2.41e-13      5e-14 
  6.25e-16   2.76e-16  -1.39e-16   1.39e-17   2.36e-16   -4.3e-16      -1.71  -9.65e-16  -5.68e-09   1.25e-16   7.24e-10  -2.55e-09   4.42e-11  -2.81e-12   2.33e-13   4.66e-14   1.29e-15  -7.05e-15  -1.47e-15  -1.12e-15 
 -3.72e-09  -1.72e-15   2.83e-15   7.09e-15   6.18e-16   1.04e-14  -9.09e-16      -1.34  -5.65e-14  -2.19e-13    1.8e-16  -2.18e-10   1.47e-10  -1.17e-11  -1.15e-13   2.77e-13   1.36e-13   -1.9e-13  -2.23e-14  -2.74e-14 
   1.3e-11  -4.34e-10   3.53e-09   6.98e-09    1.1e-09   6.79e-09  -5.68e-09  -5.66e-14     -0.484  -2.58e-13   3.38e-16   7.98e-17   7.99e-11  -1.63e-11   6.51e-14   1.28e-13   7.14e-14  -1.08e-13  -1.27e-14  -1.48e-14 
 -1.95e-09  -4.28e-09   5.51e-15   1.35e-14  -8.22e-10   2.21e-14    1.5e-16  -2.19e-13  -2.58e-13     -0.134   1.02e-15  -3.78e-16    6.3e-10  -2.86e-11   8.64e-13   8.29e-13   3.86e-13  -5.52e-13  -5.59e-14  -7.44e-14 
  1.64e-09   2.32e-09   3.92e-16   9.29e-16  -3.75e-09   1.66e-15   7.24e-10   1.56e-16   3.04e-16   8.86e-16      0.344    3.4e-16  -3.52e-10   8.91e-12   8.66e-13    6.8e-14   1.01e-14  -1.34e-15   2.07e-15  -1.14e-15 
   3.5e-10    6.2e-10   6.29e-10   4.06e-10   1.09e-09  -9.58e-10  -2.55e-09  -2.18e-10   5.55e-17  -3.17e-16   2.84e-16      0.614   3.39e-10   1.76e-11  -2.12e-13   6.63e-14  -4.74e-16  -1.14e-16  -1.29e-08   8.07e-09 
 -2.95e-11  -4.16e-11  -2.77e-11   3.82e-11  -6.33e-11   6.85e-11   4.42e-11   1.47e-10   7.99e-11    6.3e-10  -3.52e-10   3.39e-10       1.09  -3.09e-11   1.33e-13  -2.68e-14   1.01e-15  -6.38e-16  -7.96e-10  -3.48e-10 
  1.54e-11   2.33e-11   4.82e-12     -2e-11   1.89e-11  -1.14e-11  -2.81e-12  -1.17e-11  -1.63e-11  -2.86e-11   8.91e-12   1.76e-11  -3.09e-11       1.53  -2.28e-13  -8.09e-14   9.82e-16  -5.21e-09   -2.9e-10   2.71e-11 
 -5.94e-12     -5e-12  -1.23e-12   5.53e-12  -3.29e-12   9.66e-13   2.33e-13  -1.16e-13   6.49e-14   8.64e-13   8.66e-13  -2.12e-13   1.33e-13  -2.28e-13       2.02  -1.08e-13   1.01e-15  -1.57e-09    1.3e-12  -5.32e-13 
  9.36e-13   1.77e-12   3.61e-13  -1.66e-12   9.73e-13     -2e-13   4.67e-14   2.77e-13   1.28e-13   8.29e-13    6.8e-14   6.61e-14  -2.66e-14  -8.07e-14  -1.09e-13       2.42  -1.39e-16  -3.56e-10  -8.83e-12   -3.8e-13 
  7.39e-13    1.5e-12   3.61e-13  -1.49e-12   8.27e-13  -2.07e-13   1.44e-15   1.36e-13   7.15e-14   3.86e-13   9.78e-15  -4.86e-16   9.71e-16   1.16e-15   1.05e-15  -3.47e-16       2.61  -4.11e-10  -3.03e-12  -1.65e-13 
 -1.05e-12  -2.79e-12  -6.11e-13   2.86e-12  -1.76e-12   5.16e-13  -7.02e-15   -1.9e-13  -1.08e-13  -5.52e-13  -1.24e-15  -2.22e-16  -7.22e-16  -5.21e-09  -1.57e-09  -3.56e-10  -4.11e-10       3.16   6.69e-12   3.84e-13 
 -1.87e-12  -2.49e-12  -1.11e-08   2.24e-12  -1.19e-12    2.4e-13  -1.14e-15  -2.21e-14  -1.27e-14   -5.6e-14    2.1e-15  -1.29e-08  -7.96e-10   -2.9e-10    1.3e-12  -8.83e-12  -3.03e-12   6.69e-12       3.85  -1.46e-13 
  5.22e-13  -6.07e-14  -6.28e-16   1.32e-13  -1.21e-13      5e-14     -1e-15  -2.74e-14  -1.49e-14  -7.45e-14  -1.26e-15   8.07e-09  -3.48e-10   2.71e-11  -5.32e-13   -3.8e-13  -1.65e-13   3.85e-13  -1.45e-13       4.85 
V D V^T is the same as A:

    -0.503     -0.779     -0.066      0.543      0.315     -0.134     -0.292      0.888     -0.797      0.285     -0.943     -0.504      -0.36       0.98      0.364       0.31     -0.435      0.231      0.409      0.404 
    -0.779        0.9     -0.813     -0.678     -0.236      0.596     -0.661      0.588     -0.386      0.646      0.773      0.113      0.433      0.399     -0.973      0.984      0.613      0.717     -0.875     0.0288 
    -0.066     -0.813     0.0505     -0.454      0.988      0.382     -0.227     -0.131      0.351      0.355    -0.0543     -0.511     -0.293     0.0525     -0.661     -0.307      0.383      -0.21     -0.689        0.9 
     0.543     -0.678     -0.454      -0.83      0.947    -0.0239      0.278     -0.906     -0.758      -0.57     -0.828     -0.376     0.0975     -0.387      0.996      0.752      0.592      -0.56     -0.798     -0.642 
     0.315     -0.236      0.988      0.947     -0.142      0.912     -0.195      0.549      0.895     -0.755    -0.0158     -0.358     -0.875    -0.0609      -0.28     -0.226      -0.26     -0.985      0.237      0.673 
    -0.134      0.596      0.382    -0.0239      0.912      0.713      0.547     -0.822     -0.947      0.773     -0.548      0.746    -0.0474     -0.399     -0.755     -0.747     -0.258      -0.05     -0.263      0.115 
    -0.292     -0.661     -0.227      0.278     -0.195      0.547     -0.388     -0.863     -0.665     -0.475     -0.122      0.506     -0.649     -0.725      0.702      0.992     -0.364      0.968      0.303      0.709 
     0.888      0.588     -0.131     -0.906      0.549     -0.822     -0.863      0.399      0.884     0.0823      0.376     -0.677     -0.961     -0.955     -0.737     -0.851     -0.415     -0.594     -0.834      0.852 
    -0.797     -0.386      0.351     -0.758      0.895     -0.947     -0.665      0.884    -0.0523       0.65      0.992     -0.758      0.692      0.388      0.824     -0.892     -0.363     -0.595       0.49     -0.641 
     0.285      0.646      0.355      -0.57     -0.755      0.773     -0.475     0.0823       0.65     -0.833      0.362      0.273     -0.525     -0.939      0.136     -0.516     -0.557      0.243      0.202     -0.639 
    -0.943      0.773    -0.0543     -0.828    -0.0158     -0.548     -0.122      0.376      0.992      0.362      0.171      0.366     -0.373     -0.301     0.0698     -0.651      0.988       0.75     -0.881     -0.288 
    -0.504      0.113     -0.511     -0.376     -0.358      0.746      0.506     -0.677     -0.758      0.273      0.366      0.654      0.403     -0.376       0.71       0.75    -0.0557      -0.42      0.478      0.601 
     -0.36      0.433     -0.293     0.0975     -0.875    -0.0474     -0.649     -0.961      0.692     -0.525     -0.373      0.403     -0.238      0.478      0.593     0.0174     -0.845     -0.323     -0.228      0.787 
      0.98      0.399     0.0525     -0.387    -0.0609     -0.399     -0.725     -0.955      0.388     -0.939     -0.301     -0.376      0.478     -0.912      0.449      0.922      0.723     -0.392      0.745      0.289 
     0.364     -0.973     -0.661      0.996      -0.28     -0.755      0.702     -0.737      0.824      0.136     0.0698       0.71      0.593      0.449     -0.179     -0.123     0.0645     -0.311     -0.245      0.759 
      0.31      0.984     -0.307      0.752     -0.226     -0.747      0.992     -0.851     -0.892     -0.516     -0.651       0.75     0.0174      0.922     -0.123     -0.351     -0.345       0.37      0.646     -0.487 
    -0.435      0.613      0.383      0.592      -0.26     -0.258     -0.364     -0.415     -0.363     -0.557      0.988    -0.0557     -0.845      0.723     0.0645     -0.345      0.958     -0.352     -0.235     -0.689 
     0.231      0.717      -0.21      -0.56     -0.985      -0.05      0.968     -0.594     -0.595      0.243       0.75      -0.42     -0.323     -0.392     -0.311       0.37     -0.352     -0.808      0.903    -0.0348 
     0.409     -0.875     -0.689     -0.798      0.237     -0.263      0.303     -0.834       0.49      0.202     -0.881      0.478     -0.228      0.745     -0.245      0.646     -0.235      0.903      0.643     -0.559 
     0.404     0.0288        0.9     -0.642      0.673      0.115      0.709      0.852     -0.641     -0.639     -0.288      0.601      0.787      0.289      0.759     -0.487     -0.689    -0.0348     -0.559     -0.117 
V V^T is identity:

         1  -2.26e-17  -4.86e-17          0  -2.46e-16  -1.56e-17   -1.8e-16   1.73e-16  -2.19e-16  -4.23e-16   2.98e-16   3.54e-16   1.87e-16   2.79e-16  -9.54e-17  -3.12e-17  -1.73e-16  -9.19e-17  -2.88e-16    3.1e-16 
 -2.26e-17          1  -2.88e-16  -3.61e-16   2.08e-17   5.38e-17  -1.46e-16   6.94e-18   8.33e-17  -1.77e-16   8.33e-17   2.08e-16   1.28e-16   2.93e-16  -8.33e-17   2.29e-16  -8.85e-17   1.46e-16  -9.71e-17   4.25e-17 
 -4.86e-17  -2.88e-16          1  -4.16e-16  -3.82e-17  -2.57e-16  -3.47e-16  -3.19e-16   4.02e-16   4.72e-16   8.33e-17    5.2e-16  -2.01e-16  -2.12e-16  -9.02e-17   6.52e-16  -2.57e-16  -1.21e-16  -2.15e-16  -1.17e-16 
         0  -3.61e-16  -4.16e-16          1  -9.37e-17  -8.33e-17   1.32e-16  -2.08e-16   4.16e-17  -7.63e-17  -8.33e-17  -6.94e-17  -3.47e-18  -3.37e-16   1.67e-16   6.94e-17  -1.73e-16  -1.35e-16  -2.01e-16  -1.48e-16 
 -2.46e-16   2.08e-17  -3.82e-17  -9.37e-17          1  -2.05e-16  -3.05e-16   2.64e-16   4.65e-16  -2.32e-16   1.04e-16  -2.22e-16   2.78e-16   1.39e-16   2.43e-17  -1.39e-16  -5.55e-17   1.14e-16   6.94e-18  -1.44e-16 
 -1.56e-17   5.38e-17  -2.57e-16  -8.33e-17  -2.05e-16          1  -1.28e-16  -2.91e-16   1.84e-16   -5.9e-17   6.25e-17  -1.63e-16   2.29e-16   1.01e-16   3.66e-16   1.73e-16  -1.32e-16   1.54e-16    6.8e-16  -4.45e-18 
  -1.8e-16  -1.46e-16  -3.47e-16   1.32e-16  -3.05e-16  -1.28e-16          1   -2.5e-16  -5.55e-17  -2.43e-16   -1.8e-16  -1.39e-17   2.08e-16  -1.94e-16   6.94e-17   9.71e-17   1.73e-17  -1.53e-16   1.67e-16  -5.25e-17 
  1.73e-16   6.94e-18  -3.19e-16  -2.08e-16   2.64e-16  -2.91e-16   -2.5e-16          1  -1.94e-16  -8.33e-17          0   1.39e-16   3.96e-16  -6.94e-17   2.78e-17   1.94e-16   1.53e-16  -1.39e-16          0   3.17e-16 
 -2.19e-16   8.33e-17   4.02e-16   4.16e-17   4.65e-16   1.84e-16  -5.55e-17  -1.94e-16          1  -2.29e-16   1.39e-16  -4.16e-17  -2.78e-17  -5.55e-17    2.5e-16  -3.47e-16   2.43e-16  -2.71e-16    2.5e-16  -4.07e-16 
 -4.23e-16  -1.77e-16   4.72e-16  -7.63e-17  -2.32e-16   -5.9e-17  -2.43e-16  -8.33e-17  -2.29e-16          1  -1.87e-16   1.67e-16   1.49e-16   -2.6e-17  -4.16e-17   2.43e-16   4.06e-16  -8.15e-17  -1.94e-16  -1.35e-16 
  2.98e-16   8.33e-17   8.33e-17  -8.33e-17   1.04e-16   6.25e-17   -1.8e-16          0   1.39e-16  -1.87e-16          1  -3.47e-16   1.73e-16   8.33e-17   1.32e-16          0  -6.25e-17   1.18e-16   -1.8e-16   4.36e-17 
  3.54e-16   2.08e-16    5.2e-16  -6.94e-17  -2.22e-16  -1.63e-16  -1.39e-17   1.39e-16  -4.16e-17   1.67e-16  -3.47e-16          1   5.55e-17  -3.26e-16  -2.01e-16  -1.11e-16   8.67e-17   2.29e-16   8.33e-17    3.9e-17 
  1.87e-16   1.28e-16  -2.01e-16  -3.47e-18   2.78e-16   2.29e-16   2.08e-16   3.96e-16  -2.78e-17   1.49e-16   1.73e-16   5.55e-17          1   2.62e-16   2.67e-16  -6.94e-18   1.89e-16   5.72e-17  -2.78e-17   1.56e-16 
  2.79e-16   2.93e-16  -2.12e-16  -3.37e-16   1.39e-16   1.01e-16  -1.94e-16  -6.94e-17  -5.55e-17   -2.6e-17   8.33e-17  -3.26e-16   2.62e-16          1  -1.56e-16    2.5e-16  -2.78e-16  -1.54e-16   4.16e-17   1.02e-16 
 -9.54e-17  -8.33e-17  -9.02e-17   1.67e-16   2.43e-17   3.66e-16   6.94e-17   2.78e-17    2.5e-16  -4.16e-17   1.32e-16  -2.01e-16   2.67e-16  -1.56e-16          1  -2.08e-16    1.8e-16  -1.53e-16  -1.04e-16    2.2e-16 
 -3.12e-17   2.29e-16   6.52e-16   6.94e-17  -1.39e-16   1.73e-16   9.71e-17   1.94e-16  -3.47e-16   2.43e-16          0  -1.11e-16  -6.94e-18    2.5e-16  -2.08e-16          1  -2.12e-16   8.33e-17  -1.67e-16   6.25e-17 
 -1.73e-16  -8.85e-17  -2.57e-16  -1.73e-16  -5.55e-17  -1.32e-16   1.73e-17   1.53e-16   2.43e-16   4.06e-16  -6.25e-17   8.67e-17   1.89e-16  -2.78e-16    1.8e-16  -2.12e-16          1   3.76e-16   3.47e-16   -1.1e-16 
 -9.19e-17   1.46e-16  -1.21e-16  -1.35e-16   1.14e-16   1.54e-16  -1.53e-16  -1.39e-16  -2.71e-16  -8.15e-17   1.18e-16   2.29e-16   5.72e-17  -1.54e-16  -1.53e-16   8.33e-17   3.76e-16          1  -2.78e-16  -3.72e-16 
 -2.88e-16  -9.71e-17  -2.15e-16  -2.01e-16   6.94e-18    6.8e-16   1.67e-16          0    2.5e-16  -1.94e-16   -1.8e-16   8.33e-17  -2.78e-17   4.16e-17  -1.04e-16  -1.67e-16   3.47e-16  -2.78e-16          1  -1.55e-16 
   3.1e-16   4.25e-17  -1.17e-16  -1.48e-16  -1.44e-16  -4.45e-18  -5.25e-17   3.17e-16  -4.07e-16  -1.35e-16   4.36e-17    3.9e-17   1.56e-16   1.02e-16    2.2e-16   6.25e-17   -1.1e-16  -3.72e-16  -1.55e-16          1 
V^T V is identity:

         1   5.59e-16   5.55e-17   1.39e-17  -1.11e-16  -1.32e-16  -2.98e-16   8.33e-17   6.94e-18   2.43e-17  -1.53e-16  -9.02e-17  -1.39e-16   9.37e-17   2.22e-16  -1.67e-16  -7.63e-17   1.39e-17  -4.16e-17  -1.42e-16 
  5.59e-16          1  -3.82e-17   2.03e-16    1.3e-16  -2.43e-17  -2.51e-16   4.34e-17  -7.29e-17  -2.32e-16  -1.31e-16  -6.94e-17    3.3e-16  -1.82e-17  -3.47e-18  -2.95e-17  -6.85e-17  -1.87e-16  -7.46e-17  -2.18e-16 
  5.55e-17  -3.82e-17          1          0   2.36e-16  -1.39e-16   6.94e-17   5.55e-17   1.25e-16  -5.55e-17  -9.02e-17  -1.18e-16   1.11e-16   1.87e-16  -1.39e-16   1.67e-16    1.6e-16  -1.39e-17  -2.78e-17  -5.64e-17 
  1.39e-17   2.03e-16          0          1  -2.29e-16  -1.21e-16   1.39e-17  -1.75e-16   -1.8e-16  -2.08e-16   1.46e-16  -4.16e-17   1.25e-16  -2.78e-17   1.94e-16  -4.16e-17   1.02e-16  -4.51e-17   1.04e-17   3.06e-16 
 -1.11e-16    1.3e-16   2.36e-16  -2.29e-16          1  -1.39e-17  -1.94e-16   1.53e-16  -1.53e-16  -8.33e-17   -1.7e-16  -1.39e-17  -2.78e-17   2.43e-17  -3.33e-16  -1.67e-16  -8.33e-17   9.71e-17  -1.11e-16  -3.37e-16 
 -1.32e-16  -2.43e-17  -1.39e-16  -1.21e-16  -1.39e-17          1   1.39e-16   3.12e-17   1.25e-16   6.94e-18   6.94e-17   8.67e-17  -1.39e-17  -4.86e-17  -8.33e-17  -1.04e-16  -2.91e-16  -3.05e-16   2.78e-17  -1.95e-16 
 -2.98e-16  -2.51e-16   6.94e-17   1.39e-17  -1.94e-16   1.39e-16          1   3.47e-18  -2.08e-17  -1.67e-16  -8.67e-17   3.02e-16   8.33e-17   9.54e-17   2.84e-16  -3.47e-16   5.55e-17   3.68e-16   2.78e-17   2.54e-16 
  8.33e-17   4.34e-17   5.55e-17  -1.75e-16   1.53e-16   3.12e-17   3.47e-18          1   4.16e-17  -2.36e-16  -7.98e-17   2.45e-16          0   -8.5e-17   4.44e-16  -3.05e-16   -3.4e-16  -1.32e-16   2.67e-16  -2.55e-16 
  6.94e-18  -7.29e-17   1.25e-16   -1.8e-16  -1.53e-16   1.25e-16  -2.08e-17   4.16e-17          1  -2.71e-16  -1.25e-16  -6.31e-16   -2.5e-16  -1.63e-16   4.16e-17   1.73e-16   2.15e-16   3.26e-16   1.18e-16   2.05e-16 
  2.43e-17  -2.32e-16  -5.55e-17  -2.08e-16  -8.33e-17   6.94e-18  -1.67e-16  -2.36e-16  -2.71e-16          1   1.53e-16   1.89e-16   5.55e-17  -3.96e-16  -1.56e-16  -6.56e-16   9.71e-17  -2.05e-16    1.3e-16  -1.33e-17 
 -1.53e-16  -1.31e-16  -9.02e-17   1.46e-16   -1.7e-16   6.94e-17  -8.67e-17  -7.98e-17  -1.25e-16   1.53e-16          1      3e-16   1.39e-17  -3.81e-16   1.14e-16   6.94e-17   4.02e-16  -1.25e-16  -1.94e-16   6.66e-17 
 -9.02e-17  -6.94e-17  -1.18e-16  -4.16e-17  -1.39e-17   8.67e-17   3.02e-16   2.45e-16  -6.31e-16   1.89e-16      3e-16          1   6.94e-17  -1.13e-16  -2.84e-16   2.98e-16  -2.08e-17  -1.94e-16  -3.37e-16   2.98e-16 
 -1.39e-16    3.3e-16   1.11e-16   1.25e-16  -2.78e-17  -1.39e-17   8.33e-17          0   -2.5e-16   5.55e-17   1.39e-17   6.94e-17          1   4.09e-16   4.72e-16  -1.11e-16   3.89e-16  -2.91e-16   1.39e-16  -2.64e-16 
  9.37e-17  -1.82e-17   1.87e-16  -2.78e-17   2.43e-17  -4.86e-17   9.54e-17   -8.5e-17  -1.63e-16  -3.96e-16  -3.81e-16  -1.13e-16   4.09e-16          1   -2.6e-16  -2.64e-16   3.12e-16   1.63e-16   2.08e-17  -2.74e-16 
  2.22e-16  -3.47e-18  -1.39e-16   1.94e-16  -3.33e-16  -8.33e-17   2.84e-16   4.44e-16   4.16e-17  -1.56e-16   1.14e-16  -2.84e-16   4.72e-16   -2.6e-16          1   2.36e-16   6.94e-17  -3.19e-16  -2.22e-16   5.07e-17 
 -1.67e-16  -2.95e-17   1.67e-16  -4.16e-17  -1.67e-16  -1.04e-16  -3.47e-16  -3.05e-16   1.73e-16  -6.56e-16   6.94e-17   2.98e-16  -1.11e-16  -2.64e-16   2.36e-16          1   1.53e-16   5.55e-17   6.04e-16  -2.39e-16 
 -7.63e-17  -6.85e-17    1.6e-16   1.02e-16  -8.33e-17  -2.91e-16   5.55e-17   -3.4e-16   2.15e-16   9.71e-17   4.02e-16  -2.08e-17   3.89e-16   3.12e-16   6.94e-17   1.53e-16          1   -1.6e-16  -1.56e-16  -1.12e-16 
  1.39e-17  -1.87e-16  -1.39e-17  -4.51e-17   9.71e-17  -3.05e-16   3.68e-16  -1.32e-16   3.26e-16  -2.05e-16  -1.25e-16  -1.94e-16  -2.91e-16   1.63e-16  -3.19e-16   5.55e-17   -1.6e-16          1  -8.33e-17  -2.19e-16 
 -4.16e-17  -7.46e-17  -2.78e-17   1.04e-17  -1.11e-16   2.78e-17   2.78e-17   2.67e-16   1.18e-16    1.3e-16  -1.94e-16  -3.37e-16   1.39e-16   2.08e-17  -2.22e-16   6.04e-16  -1.56e-16  -8.33e-17          1  -3.14e-16 
 -1.42e-16  -2.18e-16  -5.64e-17   3.06e-16  -3.37e-16  -1.95e-16   2.54e-16  -2.55e-16   2.05e-16  -1.33e-17   6.66e-17   2.98e-16  -2.64e-16  -2.74e-16   5.07e-17  -2.39e-16  -1.12e-16  -2.19e-16  -3.14e-16          1 
---------
Part b)
Creating txt-file for plotting e0 for several different dr with r_max = 10 at txts/dr.txt
Creating txt-file for plotting e0 for several different r_max with dr = 0.1 at txts/rmax.txt
Creating txt-file for storing wave function with r_max = 5 and dr = 0.1 at txts/rmax05dr01.txt
Creating txt-file for storing wave function with r_max = 10 and dr = 0.1 at txts/rmax10dr01.txt
Creating txt-file for storing wave function with r_max = 5 and dr = 0.2 at txts/rmax05dr02.txt
Creating txt-file for storing wave function with r_max = 10 and dr = 0.2 at txts/rmax10dr02.txt
The analytical wavefunction is just an exponential function, writing to txts/analytical.txt
Barring normalization, we see that the found numerical solutions agree with the analytical.
