------------------
Part a)
Matrix A is:

         3          4          5 
         7          8          9 
        10         11         12 
        17         14         15 
        16         17         19 
After QR decomposition, Q:

     0.113      0.299      0.787 
     0.264      0.323   -0.00341 
     0.377      0.341     -0.596 
     0.641     -0.741      0.102 
     0.603      0.377      0.118 
After QR decomposition, R is upper triangular:

      26.5       25.9       28.6 
         0       3.56       4.54 
         0          0      0.526 
Q is orthogonal as Q^T * Q is the identity: 

         1   1.11e-15   9.71e-17 
  1.11e-15          1  -6.59e-16 
  9.71e-17  -6.59e-16          1 
Q*R is A

         3          4          5 
         7          8          9 
        10         11         12 
        17         14         15 
        16         17         19 
Large randomly generated matrix to solve:

    -0.503     -0.779     -0.066      0.543      0.315     -0.134     -0.292      0.888     -0.797      0.285     -0.943     -0.504      -0.36       0.98      0.364       0.31     -0.435      0.231      0.409      0.404 
       0.9     -0.813     -0.678     -0.236      0.596     -0.661      0.588     -0.386      0.646      0.773      0.113      0.433      0.399     -0.973      0.984      0.613      0.717     -0.875     0.0288     0.0505 
    -0.454      0.988      0.382     -0.227     -0.131      0.351      0.355    -0.0543     -0.511     -0.293     0.0525     -0.661     -0.307      0.383      -0.21     -0.689        0.9      -0.83      0.947    -0.0239 
     0.278     -0.906     -0.758      -0.57     -0.828     -0.376     0.0975     -0.387      0.996      0.752      0.592      -0.56     -0.798     -0.642     -0.142      0.912     -0.195      0.549      0.895     -0.755 
   -0.0158     -0.358     -0.875    -0.0609      -0.28     -0.226      -0.26     -0.985      0.237      0.673      0.713      0.547     -0.822     -0.947      0.773     -0.548      0.746    -0.0474     -0.399     -0.755 
    -0.747     -0.258      -0.05     -0.263      0.115     -0.388     -0.863     -0.665     -0.475     -0.122      0.506     -0.649     -0.725      0.702      0.992     -0.364      0.968      0.303      0.709      0.399 
     0.884     0.0823      0.376     -0.677     -0.961     -0.955     -0.737     -0.851     -0.415     -0.594     -0.834      0.852    -0.0523       0.65      0.992     -0.758      0.692      0.388      0.824     -0.892 
    -0.363     -0.595       0.49     -0.641     -0.833      0.362      0.273     -0.525     -0.939      0.136     -0.516     -0.557      0.243      0.202     -0.639      0.171      0.366     -0.373     -0.301     0.0698 
    -0.651      0.988       0.75     -0.881     -0.288      0.654      0.403     -0.376       0.71       0.75    -0.0557      -0.42      0.478      0.601     -0.238      0.478      0.593     0.0174     -0.845     -0.323 
    -0.228      0.787     -0.912      0.449      0.922      0.723     -0.392      0.745      0.289     -0.179     -0.123     0.0645     -0.311     -0.245      0.759     -0.351     -0.345       0.37      0.646     -0.487 
     0.958     -0.352     -0.235     -0.689     -0.808      0.903    -0.0348      0.643     -0.559     -0.117      0.579     -0.652     -0.528     -0.978     -0.702     -0.438      0.899     -0.699     -0.803    -0.0104 
    0.0455      0.658      0.335      -0.11     -0.127       0.88      0.891     -0.276      0.842     -0.887     -0.177     -0.778      0.371      0.642     -0.282     -0.876     0.0223      0.777      0.257     -0.981 
    -0.242    -0.0342      0.305     -0.594      0.242     -0.472     -0.408     -0.332     -0.543      0.197      -0.25     -0.645      0.173     -0.343      0.468       -0.7      0.313      0.875      0.438     -0.688 
    -0.988     -0.758      0.801     -0.672      -0.94      0.356    -0.0228      -0.17      0.303     -0.827       0.54     -0.878     0.0435     -0.822     -0.768      -0.92     -0.647    -0.0708      0.648     -0.656 
     0.287      0.223     -0.734     -0.355      0.363     -0.532      0.049     -0.286     -0.825     -0.582     -0.189      0.147     -0.661     -0.055     -0.993     -0.484      0.165    -0.0233     -0.654      0.886 
     0.551      0.763      0.364     -0.716      0.657     -0.372      0.311   -0.00488     -0.575      0.388      0.947     -0.616     -0.773     0.0939     0.0248     -0.211      0.975      0.156    -0.0349      0.592 
    -0.693     -0.737     -0.345     -0.115      0.362     -0.607      0.783     -0.901     -0.828      0.716    -0.0851      0.377     -0.417      0.762     -0.207      0.525      0.859      0.983    -0.0128     -0.265 
     0.157     -0.946      -0.71     -0.213     -0.529     -0.572    -0.0802      0.245       0.92      0.217     -0.459     -0.992     -0.988     -0.245      0.578      0.288      0.108     -0.521    -0.0786      0.265 
    -0.155      0.213     -0.176     -0.291     -0.527      -0.43      0.801     -0.535     -0.699        0.5    -0.0701      0.992     -0.831      -0.77     -0.565     -0.746      0.973      0.868     -0.586    -0.0652 
     0.473     -0.462     -0.822    -0.0459      0.175    -0.0936      0.365      0.828     -0.816      0.505     -0.583       0.38     0.0615      0.722       0.89      0.944       0.23      0.581     -0.686      0.901 
Large randomly generated vector to solve system of equations with:
    -0.373     -0.546    -0.0556      -0.58     -0.712     -0.452      0.839      0.782      -0.68      0.325      0.315      0.239     -0.935      0.987      0.792     -0.693     0.0345      0.869      0.533      0.567 
Solving with QRdecomposition for x:
    -0.577      0.298       1.03     -0.293      0.116      0.295      0.955     -0.296     -0.698      -3.18     -0.915      0.279      -1.87      -1.39       1.17       2.43    -0.0707    -0.0444     -0.716     -0.613 
We now have A*x = Q*R*x =
    -0.373     -0.546    -0.0556      -0.58     -0.712     -0.452      0.839      0.782      -0.68      0.325      0.315      0.239     -0.935      0.987      0.792     -0.693     0.0345      0.869      0.533      0.567 
Which is the same as the previously randomly generated vector, indicating we have the solution for x.
Now test calculation of determinant of matrix

     0.205      0.972 
    -0.718     -0.204 
Determinant calculated by simple formula is a[0,0] * a[1,1] - a[0,1]*a[1,0] = 0.656435675048854
Determinant of this matrix as product of diagonal elements of triangular part is 0.656435675048854
------------------
Part b)
The inverse of the previously generated large matrix is

     0.352      0.187     -0.258       0.22     0.0566   -0.00624       0.12       0.23     -0.132     -0.101      0.076      0.311     -0.133     -0.297     0.0701      0.261     -0.365     -0.268     0.0295     -0.186 
    -0.685     -0.471       0.37    -0.0229     0.0227     -0.281    -0.0681      0.117     -0.129      0.097     -0.247     -0.195      0.287      -0.25     -0.125     0.0789     0.0156      0.302     -0.103      0.198 
    -0.194    -0.0712     -0.605     -0.398     -0.424    -0.0239      0.188      0.578     -0.179      0.395    -0.0685     -0.132     -0.324     0.0193     -0.638      0.645      0.205      0.378      0.237      -0.52 
     -0.44     -0.415      0.146     -0.163    -0.0459     0.0346      -0.33     0.0615     -0.598     -0.283     0.0293     0.0835       0.25     -0.641     -0.534     -0.233      0.161      0.347     0.0787      -0.22 
     0.219      0.339     -0.464     -0.231     -0.208     0.0103     0.0783      0.152      0.104      0.502     0.0577   -0.00111     -0.172     0.0805      0.121      0.348      0.295    -0.0163    -0.0817     -0.463 
     0.472       0.38     -0.579      0.132    -0.0723      0.442     0.0349      0.823       0.11      0.609     0.0481      0.317     -0.647    -0.0476    -0.0413      0.218     -0.432     -0.434       0.34     -0.314 
    -0.299    -0.0535      0.245     -0.157      0.161     -0.425    -0.0677       0.23     -0.289     0.0292     -0.329      0.166     -0.124      0.243      -0.21       0.35      0.194      0.269   -0.00819      0.374 
     0.192    -0.0403      0.367     -0.066     -0.169       -0.2      0.046         -1      0.257      -0.23      0.417      -0.23       0.21      0.301    -0.0208     -0.275      0.235     0.0198    -0.0512      0.303 
     0.501      0.431     -0.214      0.167     -0.214      0.392     0.0177     -0.482      0.444     -0.136      0.129      0.232     -0.242     0.0221      0.213     -0.264      -0.29     -0.159      0.301     -0.294 
      1.58      0.575      0.191      0.639      0.621      0.143     -0.154     -0.386      0.611     -0.651    -0.0415      0.298     0.0396     -0.102       0.51     -0.193     -0.974      -1.03       0.31    -0.0506 
   -0.0977     -0.183      0.315        0.1      0.408    -0.0582     -0.128     -0.583    -0.0326     -0.471     0.0674    -0.0324     0.0453       0.25     0.0148     0.0365     0.0859     -0.297     -0.358      0.396 
     0.403      0.335     -0.209    0.00969     -0.058     0.0998       0.29     -0.195      0.294        0.2     0.0464     -0.111     -0.542      0.301      0.135    -0.0171    -0.0405     -0.397      0.261    -0.0869 
      0.21      0.277      0.514      0.266      0.098      0.193     -0.258     -0.726       0.23     -0.793      0.148      0.158      0.609    -0.0606      0.343      -0.79     -0.364     -0.628     -0.116      0.424 
      0.91      0.162      0.249      0.228      0.468      0.026      0.135     -0.642      0.452      -0.55     0.0744       0.29     -0.221      0.153      0.485     -0.148     -0.171     -0.567     -0.274      0.186 
    -0.578     -0.231    -0.0808     -0.342      0.212     -0.155      0.069      0.522     -0.325      0.346     -0.357    -0.0629    -0.0435      0.135     -0.473      0.438     0.0681      0.464     -0.137      0.371 
     -1.55     -0.636     -0.244     -0.329      -0.68     -0.245     0.0591      0.749      -0.51      0.754    -0.0424      -0.56    -0.0136     -0.252     -0.758       0.32      0.957      0.976     -0.282    -0.0834 
     -0.31      0.125     0.0856      -0.14      -0.62      0.463     -0.038     -0.427     0.0678    -0.0477      0.558    -0.0741      0.178     -0.312     -0.232     -0.478      0.403      0.189      0.255     -0.256 
     -0.13    -0.0649     -0.349      0.143     -0.353      0.344    -0.0954     0.0282    -0.0822     0.0608     0.0405      0.175      0.158     -0.169     -0.128    -0.0625    -0.0858    -0.0586      0.359    0.00425 
     0.518      0.435      0.163      0.459     -0.226      0.341     0.0384    -0.0203      0.047     0.0201    -0.0404      0.118     -0.169  -3.73e-06      0.143     -0.137     -0.403     -0.524      0.293     -0.136 
     0.562      0.502     -0.207      0.314     -0.202       0.73     -0.193      0.179      0.146     -0.182     -0.191      0.268     -0.309    -0.0706      0.327    -0.0922     -0.909     -0.495      0.596    0.00759 
The product of the large matrix with its inverse is

         1  -6.66e-16   6.25e-16  -6.38e-16  -5.83e-16  -2.78e-16   4.72e-16   -1.8e-16  -1.04e-16      5e-16  -4.86e-16   8.33e-16  -1.39e-16   3.05e-16   2.22e-16   4.51e-16  -1.11e-16  -1.94e-16  -6.94e-16  -6.18e-16 
 -6.45e-16          1   7.13e-16  -2.95e-16  -1.34e-16   -1.8e-16   1.91e-16  -1.99e-16   5.12e-17    2.9e-16  -3.56e-16   3.33e-16  -2.78e-17   1.17e-17   1.63e-16  -6.07e-18  -5.27e-16  -3.89e-16  -3.85e-16  -1.84e-16 
  1.44e-16   3.87e-16          1   5.46e-17  -4.85e-16   2.36e-16   2.36e-16   9.54e-18   1.34e-16  -4.73e-16   9.37e-17   1.77e-16   6.77e-17   7.27e-16  -2.13e-16  -2.26e-17   4.86e-17   1.91e-17    5.2e-17  -1.33e-16 
 -7.22e-16  -3.33e-16   3.61e-16          1  -3.33e-16  -1.11e-16    2.5e-16          0  -3.47e-16   -2.5e-16  -2.22e-16          0   3.05e-16   3.33e-16  -1.39e-16  -2.78e-17  -3.33e-16      5e-16  -3.33e-16  -1.04e-16 
  1.11e-16   1.11e-16   -2.5e-16  -3.61e-16          1          0   1.39e-16   3.89e-16  -6.94e-17   1.67e-16  -2.78e-17   4.44e-16  -8.33e-17   1.32e-16  -1.67e-16   3.33e-16   1.11e-16   1.67e-16   1.11e-16  -2.69e-17 
 -1.94e-16  -5.55e-17   3.33e-16   1.11e-16  -4.58e-16          1   8.33e-17  -3.89e-16   3.47e-17   2.36e-16   -1.8e-16   1.11e-16  -2.91e-16  -1.42e-16  -1.94e-16  -1.25e-16  -6.66e-16  -4.16e-16  -2.22e-16  -5.31e-16 
  3.33e-16   5.55e-17   3.61e-16   3.89e-16   2.78e-17   2.22e-16          1  -8.05e-16   4.16e-16  -3.33e-16   1.94e-16   5.55e-17   5.55e-17  -1.11e-16   2.22e-16  -3.05e-16  -4.44e-16     -5e-16   1.11e-16   1.34e-16 
 -3.47e-16  -3.96e-16   3.68e-16  -1.08e-16   5.55e-16  -3.26e-16  -4.48e-16          1  -8.33e-16   7.13e-16   1.21e-16  -4.44e-16  -2.43e-17  -2.62e-16   7.63e-17  -9.37e-17   4.86e-16   1.87e-16  -3.89e-16   6.87e-16 
  1.67e-16  -2.78e-16   1.25e-16  -2.78e-17   9.71e-17   1.39e-16   2.91e-16  -5.07e-16          1  -1.53e-16   2.01e-16    2.5e-16   4.16e-16    5.1e-16   2.91e-16  -2.91e-16  -1.11e-16  -6.38e-16  -5.27e-16  -2.09e-16 
  8.33e-16   2.78e-16  -3.89e-16    2.5e-16   4.16e-16   5.55e-16  -2.64e-16  -9.71e-17  -8.33e-17          1   1.25e-16   -2.5e-16  -4.16e-16   -3.4e-16  -1.67e-16   1.39e-17  -5.55e-17   1.11e-16   4.44e-16  -1.93e-16 
 -3.67e-16  -3.79e-16   3.22e-16  -2.34e-17   1.48e-16   4.42e-17   1.71e-16  -3.32e-16   1.74e-16  -1.19e-16          1   1.72e-16   3.49e-16  -1.77e-16  -1.28e-16   1.91e-16  -2.03e-16  -3.99e-17  -5.31e-16  -3.67e-17 
  7.77e-16   3.89e-16   1.11e-16  -1.67e-16   3.33e-16   1.11e-16   1.11e-16  -5.55e-17   3.89e-16  -2.78e-17   8.33e-17          1  -5.55e-16   3.05e-16      5e-16  -2.22e-16  -4.44e-16  -5.55e-16  -1.11e-16  -3.52e-16 
 -5.55e-16  -1.11e-16  -2.78e-17   8.33e-17  -1.11e-16          0   2.78e-17   3.05e-16   5.55e-17  -3.89e-16   3.61e-16  -4.16e-16          1   3.82e-16  -2.78e-16  -1.53e-16   2.22e-16   3.89e-16  -3.33e-16   2.39e-16 
  1.11e-16   3.33e-16   7.49e-16   5.55e-16   -2.5e-16  -2.22e-16   8.33e-17  -1.39e-17   2.91e-16  -2.64e-16   -2.5e-16   2.22e-16   5.83e-16          1   5.27e-16   7.63e-17  -5.55e-16  -2.78e-16          0   3.66e-16 
  1.67e-16  -2.22e-16   1.39e-16  -2.78e-16  -3.33e-16          0   4.16e-16  -2.78e-17   2.22e-16  -1.94e-16  -5.55e-17   4.16e-16  -2.22e-16   6.66e-16          1   5.13e-16  -4.44e-16  -1.67e-16  -4.44e-16  -2.58e-16 
  9.44e-16   1.11e-16   8.33e-17   1.67e-16   1.94e-16          0  -2.08e-16  -4.44e-16  -6.94e-17  -1.53e-16   4.72e-16  -8.33e-17  -1.39e-16  -2.57e-16   2.78e-16          1   2.22e-16          0   2.78e-16   5.37e-16 
  8.33e-17  -8.33e-17   1.32e-16   8.33e-17   4.16e-16  -4.72e-16  -4.09e-16   2.43e-16   2.64e-16   -1.8e-16  -3.47e-17  -6.11e-16   1.67e-16  -3.99e-16  -4.72e-16   9.37e-17          1   4.72e-16   3.33e-16    6.8e-16 
     5e-16   8.33e-17  -2.08e-17   2.78e-16   5.55e-16  -3.89e-16  -5.69e-16  -2.08e-16  -1.94e-16   1.32e-16   2.01e-16  -8.05e-16    4.3e-16  -4.48e-16  -1.94e-16   7.63e-17   7.49e-16          1   8.33e-17   8.21e-16 
 -4.16e-17          0  -2.78e-17  -1.73e-17   1.99e-16   2.78e-17   1.96e-16  -3.47e-16   -1.7e-16   2.17e-16  -3.19e-16          0  -7.74e-16   5.98e-17   1.14e-16  -1.36e-16  -2.08e-17          0          1  -1.98e-16 
 -1.11e-16   1.11e-16   2.78e-17  -5.55e-17    2.5e-16  -1.11e-16   1.67e-16   5.55e-17   5.55e-17  -4.72e-16  -1.67e-16  -1.94e-16   3.33e-16   2.36e-16  -1.67e-16    4.3e-16   4.44e-16   1.67e-16  -1.11e-16          1 
Which is the identity matrix, which must mean that we have found the inverse.
------------------
Part c)
A plot has been made demonstrating that the calculation time goes like N^3 on Timing.svg.
